7925863962871374735363240931792424061990813123411551896555610032529146575846
10045108291138616632779552893870721934011717693494059112252245281849098230410
1625945207522218302342885062347805985505821837260264505748256634232438223337
3481082356469864595803375087773240881082936452653946033522465462961869123584
[3479728329001790913715514294420100089858568080117921994482086493193136663657,1205890159566548617994374556929813424819117355488033453599343391326477470025]
[18935506784922150679251832969918611378245074877236794509691633652487449923129,2073198372436149625239109658206274068600582441649420222632795611648987275248]
5368010745345210866987927936096279774786174022229130180073948262720866299800
13359565587353176918886615679086937613812203799827156989985786389726844300086
1627506439504636021942696600492487674973243541968055278012405213426765953455
9923429073896188146874166389766514662543173108275364617968906201097862456409
15199973511411462459094295147118027993659164068159647409550724364488265810280
11758388393275396601137035184946561442848348605427106983434941054160880590730
16875300741402657599540090173378450706983480750927951208009612478531645673382
21243857185758470653311817859468373725343055600631280183201337109924588034630
2483789813996038739319037023615565405239583213477138700046733594618769678876
12793071197181349383003235435128460958250584990955763078181631489688759173125
