[4845276499062870641107761536482127846595182351060348267147941969796366056272,3674035685506379290563818280302137413597472299941259314819776807510356172358]
[6167633363932965986853903237530101752804847637895042831317528386088622241993,17813178033112237718476532562455506115032873689734470707016804084828943505327]
7173387030988012046680917832165462020619495189183481229303616064410743860485
2938561350983910938215880585363231430177028389461795431192228603651343876217
[11929799105315486579994970384600026170719101380567827446993926037894966800939,16952635906347246512545314467885763973290102378382201915467268719241639449532]
[12774151337759315134379262034437936288053753008485787091426490230144482099854,19567543383830352885411637400233008638787717424602479645653213146337515478583]
[1899919133171487862610713008284200353924352113212667925953610696670893127910,18360202064481393260196327368723893439858589737917470891914411574943688705479]
[5228487945932896528738175853992316442967439420050249433728817494876076713180,2434339427676597527421631563404990060699628243572251004485040920619588414814]
17594505701871994678459818431468600489710325925832816126705042099437928946197
935837783853231288161018610333603477963829427202463537213399529321564525953
[7131617959708286496015454630310964176255994287035672578793876336315003107158,17919243717816342084970700619889950626833300515644496769804747688467806800155]
[3056216176220208649509748417895305570598381357308709945534124204336905988179,2164167479217888638146819233546694950303084002635408876525533910432011114059]
[20092885812192103285787280034860601455913821963083793933265895656662919899770,7687164384548796597467864408213919083545430773842720817382925747406112330399]
[18350937438757307656818986285693615106683035522176495798057225640891043480588,7157880046189755404793001275521279816091662270654134021072597471121522438111]
7026213673484401275393999503106454538910202469958423080344046525650223059040
20376066633425579588605855832677530864166188085079780784964121388036522277674
19114552194484616865580307243000686475436540006809859118630796282440125293420
5671999268482306248312669151455462858235857873062155233869584992265164484798
